0.1363833080455672E+04
0.3034410789678123E+04
0.1335053196968977E+04
0.8746263847886523E+03
0.7700727416692943E+03
0.1062731165845787E+04
0.7601944812945745E+03
0.5554450657197009E+03
0.5236312816747479E+03
0.6904796519691984E+03
0.5135966110587624E+03
0.3560161904213946E+03
0.3393886416482715E+03
0.4658647720800376E+03
0.3728246159129216E+03
0.2724441087256187E+03
0.3716121211831344E+03
0.3073758190769687E+03
0.2326525826418614E+03
0.1936682136289347E+03
0.4867616368107722E+03
0.1827353085910954E+03
0.1203299508490511E+03
0.1623390951543042E+03
0.2006742057380002E+03
0.3501484345119575E+03
0.1281203207906426E+03
0.1085839648087234E+03
0.1144881797093312E+03
0.2376667958864376E+03
0.8382481066864818E+02
0.6866225060345569E+02
0.7352873177979136E+02
0.1623197490149669E+03
0.5928513410862129E+02
0.4625655662110120E+02
0.5230511607868681E+02
0.9605580924960819E+02
0.4440310940409609E+02
0.3492963817337132E+02
0.3714982162744821E+02
0.7613540546878617E+02
0.3313390534843325E+02
0.2551093322493278E+02
0.2745141347860856E+02
0.3760439503881213E+02
0.4340006922775898E+02
0.1724963763965046E+02
0.1633873310664793E+02
0.1886858357526837E+02
0.4050285448128308E+02
